# Created by Octave 5.1.0, Tue Oct 13 19:41:57 2020 GMT <unknown@DESKTOP-87K2O5K>
# name: data
# type: matrix
# rows: 500
# columns: 8
 337 118 4 4.5 4.5 9.6500000000000004 1 1
 324 107 4 4 4.5 8.8699999999999992 1 1
 316 104 3 3 3.5 8 1 1
 322 110 3 3.5 2.5 8.6699999999999999 1 1
 314 103 2 2 3 8.2100000000000009 0 1
 330 115 5 4.5 3 9.3399999999999999 1 1
 321 109 3 3 4 8.1999999999999993 1 1
 308 101 2 3 4 7.9000000000000004 0 1
 302 102 1 2 1.5 8 0 1
 323 108 3 3.5 3 8.5999999999999996 0 0
 325 106 3 3.5 4 8.4000000000000004 1 1
 327 111 4 4 4.5 9 1 1
 328 112 4 4 4.5 9.0999999999999996 1 1
 307 109 3 4 3 8 1 1
 311 104 3 3.5 2 8.1999999999999993 1 1
 314 105 3 3.5 2.5 8.3000000000000007 0 1
 317 107 3 4 3 8.6999999999999993 0 1
 319 106 3 4 3 8 1 1
 318 110 3 4 3 8.8000000000000007 0 1
 303 102 3 3.5 3 8.5 0 1
 312 107 3 3 2 7.9000000000000004 1 1
 325 114 4 3 2 8.4000000000000004 0 1
 328 116 5 5 5 9.5 1 1
 334 119 5 5 4.5 9.6999999999999993 1 1
 336 119 5 4 3.5 9.8000000000000007 1 1
 340 120 5 4.5 4.5 9.5999999999999996 1 1
 322 109 5 4.5 3.5 8.8000000000000007 0 1
 298 98 2 1.5 2.5 7.5 1 0
 295 93 1 2 2 7.2000000000000002 0 0
 310 99 2 1.5 2 7.2999999999999998 0 1
 300 97 2 3 3 8.0999999999999996 1 1
 327 103 3 4 4 8.3000000000000007 1 1
 338 118 4 3 4.5 9.4000000000000004 1 1
 340 114 5 4 4 9.5999999999999996 1 1
 331 112 5 4 5 9.8000000000000007 1 1
 320 110 5 5 5 9.1999999999999993 1 1
 299 106 2 4 4 8.4000000000000004 0 1
 300 105 1 1 2 7.7999999999999998 0 1
 304 105 1 3 1.5 7.5 0 1
 307 108 2 4 3.5 7.7000000000000002 0 0
 308 110 3 3.5 3 8 1 0
 316 105 2 2.5 2.5 8.1999999999999993 1 0
 313 107 2 2.5 2 8.5 1 1
 332 117 4 4.5 4 9.0999999999999996 0 1
 326 113 5 4.5 4 9.4000000000000004 1 1
 322 110 5 5 4 9.0999999999999996 1 1
 329 114 5 4 5 9.3000000000000007 1 1
 339 119 5 4.5 4 9.6999999999999993 0 1
 321 110 3 3.5 5 8.8499999999999996 1 1
 327 111 4 3 4 8.4000000000000004 1 1
 313 98 3 2.5 4.5 8.3000000000000007 1 1
 312 100 2 1.5 3.5 7.9000000000000004 1 1
 334 116 4 4 3 8 1 1
 324 112 4 4 2.5 8.0999999999999996 1 1
 322 110 3 3 3.5 8 0 1
 320 103 3 3 3 7.7000000000000002 0 1
 316 102 3 2 3 7.4000000000000004 0 1
 298 99 2 4 2 7.5999999999999996 0 0
 300 99 1 3 2 6.7999999999999998 1 0
 311 104 2 2 2 8.3000000000000007 0 0
 309 100 2 3 3 8.0999999999999996 0 0
 307 101 3 4 3 8.1999999999999993 0 0
 304 105 2 3 3 8.1999999999999993 1 1
 315 107 2 4 3 8.5 1 1
 325 111 3 3 3.5 8.6999999999999993 0 1
 325 112 4 3.5 3.5 8.9199999999999999 0 1
 327 114 3 3 3 9.0199999999999996 0 1
 316 107 2 3.5 3.5 8.6400000000000006 1 1
 318 109 3 3.5 4 9.2200000000000006 1 1
 328 115 4 4.5 4 9.1600000000000001 1 1
 332 118 5 5 5 9.6400000000000006 1 1
 336 112 5 5 5 9.7599999999999998 1 1
 321 111 5 5 5 9.4499999999999993 1 1
 314 108 4 4.5 4 9.0399999999999991 1 1
 314 106 3 3 5 8.9000000000000004 0 1
 329 114 2 2 4 8.5600000000000005 1 1
 327 112 3 3 3 8.7200000000000006 1 1
 301 99 2 3 2 8.2200000000000006 0 1
 296 95 2 3 2 7.54 1 0
 294 93 1 1.5 2 7.3600000000000003 0 0
 312 105 3 2 3 8.0199999999999996 1 1
 340 120 4 5 5 9.5 1 1
 320 110 5 5 4.5 9.2200000000000006 1 1
 322 115 5 4 4.5 9.3599999999999994 1 1
 340 115 5 4.5 4.5 9.4499999999999993 1 1
 319 103 4 4.5 3.5 8.6600000000000001 0 1
 315 106 3 4.5 3.5 8.4199999999999999 0 1
 317 107 2 3.5 3 8.2799999999999994 0 1
 314 108 3 4.5 3.5 8.1400000000000006 0 1
 316 109 4 4.5 3.5 8.7599999999999998 1 1
 318 106 2 4 4 7.9199999999999999 1 1
 299 97 3 5 3.5 7.6600000000000001 0 0
 298 98 2 4 3 8.0299999999999994 0 0
 301 97 2 3 3 7.8799999999999999 1 0
 303 99 3 2 2.5 7.6600000000000001 0 0
 304 100 4 1.5 2.5 7.8399999999999999 0 0
 306 100 2 3 3 8 0 0
 331 120 3 4 4 8.9600000000000009 1 1
 332 119 4 5 4.5 9.2400000000000002 1 1
 323 113 3 4 4 8.8800000000000008 1 1
 322 107 3 3.5 3.5 8.4600000000000009 1 1
 312 105 2 2.5 3 8.1199999999999992 0 1
 314 106 2 4 3.5 8.25 0 1
 317 104 2 4.5 4 8.4700000000000006 0 1
 326 112 3 3.5 3 9.0500000000000007 1 1
 316 110 3 4 4.5 8.7799999999999994 1 1
 329 111 4 4.5 4.5 9.1799999999999997 1 1
 338 117 4 3.5 4.5 9.4600000000000009 1 1
 331 116 5 5 5 9.3800000000000008 1 1
 304 103 5 5 4 8.6400000000000006 0 1
 305 108 5 3 3 8.4800000000000004 0 1
 321 109 4 4 4 8.6799999999999997 1 1
 301 107 3 3.5 3.5 8.3399999999999999 1 1
 320 110 2 4 3.5 8.5600000000000005 0 1
 311 105 3 3.5 3 8.4499999999999993 1 1
 310 106 4 4.5 4.5 9.0399999999999991 1 1
 299 102 3 4 3.5 8.6199999999999992 0 1
 290 104 4 2 2.5 7.46 0 0
 296 99 2 3 3.5 7.2800000000000002 0 0
 327 104 5 3 3.5 8.8399999999999999 1 1
 335 117 5 5 5 9.5600000000000005 1 1
 334 119 5 4.5 4.5 9.4800000000000004 1 1
 310 106 4 1.5 2.5 8.3599999999999994 0 1
 308 108 3 3.5 3.5 8.2200000000000006 0 1
 301 106 4 2.5 3 8.4700000000000006 0 1
 300 100 3 2 3 8.6600000000000001 1 1
 323 113 3 4 3 9.3200000000000003 1 1
 319 112 3 2.5 2 8.7100000000000009 1 1
 326 112 3 3.5 3 9.0999999999999996 1 1
 333 118 5 5 5 9.3499999999999996 1 1
 339 114 5 4 4.5 9.7599999999999998 1 1
 303 105 5 5 4.5 8.6500000000000004 0 1
 309 105 5 3.5 3.5 8.5600000000000005 0 1
 323 112 5 4 4.5 8.7799999999999994 0 1
 333 113 5 4 4 9.2799999999999994 1 1
 314 109 4 3.5 4 8.7699999999999996 1 1
 312 103 3 5 4 8.4499999999999993 0 1
 316 100 2 1.5 3 8.1600000000000001 1 1
 326 116 2 4.5 3 9.0800000000000001 1 1
 318 109 1 3.5 3.5 9.1199999999999992 0 1
 329 110 2 4 3 9.1500000000000004 1 1
 332 118 2 4.5 3.5 9.3599999999999994 1 1
 331 115 5 4 3.5 9.4399999999999995 1 1
 340 120 4 4.5 4 9.9199999999999999 1 1
 325 112 2 3 3.5 8.9600000000000009 1 1
 320 113 2 2 2.5 8.6400000000000006 1 1
 315 105 3 2 2.5 8.4800000000000004 0 1
 326 114 3 3 3 9.1099999999999994 1 1
 339 116 4 4 3.5 9.8000000000000007 1 1
 311 106 2 3.5 3 8.2599999999999998 1 1
 334 114 4 4 4 9.4299999999999997 1 1
 332 116 5 5 5 9.2799999999999994 1 1
 321 112 5 5 5 9.0600000000000005 1 1
 324 105 3 3 4 8.75 0 1
 326 108 3 3 3.5 8.8900000000000006 0 1
 312 109 3 3 3 8.6899999999999995 0 1
 315 105 3 2 2.5 8.3399999999999999 0 1
 309 104 2 2 2.5 8.2599999999999998 0 1
 306 106 2 2 2.5 8.1400000000000006 0 1
 297 100 1 1.5 2 7.9000000000000004 0 1
 315 103 1 1.5 2 7.8600000000000003 0 1
 298 99 1 1.5 3 7.46 0 1
 318 109 3 3 3 8.5 0 1
 317 105 3 3.5 3 8.5600000000000005 0 1
 329 111 4 4.5 4 9.0099999999999998 1 1
 322 110 5 4.5 4 8.9700000000000006 0 1
 302 102 3 3.5 5 8.3300000000000001 0 1
 313 102 3 2 3 8.2699999999999996 0 1
 293 97 2 2 4 7.7999999999999998 1 1
 311 99 2 2.5 3 7.9800000000000004 0 1
 312 101 2 2.5 3.5 8.0399999999999991 1 1
 334 117 5 4 4.5 9.0700000000000003 1 1
 322 110 4 4 5 9.1300000000000008 1 1
 323 113 4 4 4.5 9.2300000000000004 1 1
 321 111 4 4 4 8.9700000000000006 1 1
 320 111 4 4.5 3.5 8.8699999999999992 1 1
 329 119 4 4.5 4.5 9.1600000000000001 1 1
 319 110 3 3.5 3.5 9.0399999999999991 0 1
 309 108 3 2.5 3 8.1199999999999992 0 1
 307 102 3 3 3 8.2699999999999996 0 1
 300 104 3 3.5 3 8.1600000000000001 0 1
 305 107 2 2.5 2.5 8.4199999999999999 0 1
 299 100 2 3 3.5 7.8799999999999999 0 1
 314 110 3 4 4 8.8000000000000007 0 1
 316 106 2 2.5 4 8.3200000000000003 0 1
 327 113 4 4.5 4.5 9.1099999999999994 1 1
 317 107 3 3.5 3 8.6799999999999997 1 1
 335 118 5 4.5 3.5 9.4399999999999995 1 1
 331 115 5 4.5 3.5 9.3599999999999994 1 1
 324 112 5 5 5 9.0800000000000001 1 1
 324 111 5 4.5 4 9.1600000000000001 1 1
 323 110 5 4 5 8.9800000000000004 1 1
 322 114 5 4.5 4 8.9399999999999995 1 1
 336 118 5 4.5 5 9.5299999999999994 1 1
 316 109 3 3.5 3 8.7599999999999998 0 1
 307 107 2 3 3.5 8.5199999999999996 1 1
 306 105 2 3 2.5 8.2599999999999998 0 1
 310 106 2 3.5 2.5 8.3300000000000001 0 1
 311 104 3 4.5 4.5 8.4299999999999997 0 1
 313 107 3 4 4.5 8.6899999999999995 0 1
 317 103 3 2.5 3 8.5399999999999991 1 1
 315 110 2 3.5 3 8.4600000000000009 1 1
 340 120 5 4.5 4.5 9.9100000000000001 1 1
 334 120 5 4 5 9.8699999999999992 1 1
 298 105 3 3.5 4 8.5399999999999991 0 1
 295 99 2 2.5 3 7.6500000000000004 0 1
 315 99 2 3.5 3 7.8899999999999997 0 1
